10
10.2
10.5
10.7
11
11.3
11.5
11.8
12
12.1
12.4
12.7
13
13.3
13.7
14
14.3
14.7
15
15.4
15.8
16
16.2
16.5
16.9
17.4
17.8
18
18.2
18.7
19.1
19.6
20
20.5
21
21.5
22
22.1
22.6
23.2
23.7
24
24.3
24.9
25.5
26.1
26.7
27
27.4
28
28.7
29.4
30
30.1
30.9
31.6
32.4
33
33.2
34
34.8
35.7
36
36.5
37.4
38.3
39
39.2
40.2
41.2
42.2
43
43.2
44.2
45.3
46.4
47
47.5
48.7
49.9
51
51.1
52.3
53.6
54.9
56
56.2
57.6
59
60.4
61.9
62
63.4
64.9
66.5
68
68.1
69.8
71.5
73.2
75
76.8
78.7
80.6
82
82.5
84.5
86.6
88.7
90.9
91
93.1
95.3
97.6
100
102
105
107
110
113
115
118
120
121
124
127
130
133
137
140
143
147
150
154
158
160
162
165
169
174
178
180
182
187
191
196
200
205
210
215
220
221
226
232
237
240
243
249
255
261
267
270
274
280
287
294
300
301
309
316
324
330
332
340
348
357
360
365
374
383
390
392
402
412
422
430
432
442
453
464
470
475
487
499
510
511
523
536
549
560
562
576
590
604
619
620
634
649
665
680
681
698
715
732
750
768
787
806
820
825
845
866
887
909
910
931
953
976
1000
1020
1050
1070
1100
1130
1150
1180
1200
1210
1240
1270
1300
1330
1370
1400
1430
1470
1500
1540
1580
1600
1620
1650
1690
1740
1780
1800
1820
1870
1910
1960
2000
2050
2100
2150
2200
2210
2260
2320
2370
2400
2430
2490
2550
2610
2670
2700
2740
2800
2870
2940
3000
3010
3090
3160
3240
3300
3320
3400
3480
3570
3600
3650
3740
3830
3900
3920
4020
4120
4220
4300
4320
4420
4530
4640
4700
4750
4870
4990
5100
5110
5230
5360
5490
5600
5620
5760
5900
6040
6190
6200
6340
6490
6650
6800
6810
6980
7150
7320
7500
7680
7870
8060
8200
8250
8450
8660
8870
9090
9100
9310
9530
9760
10000
10200
10500
10700
11000
11300
11500
11800
12000
12100
12400
12700
13000
13300
13700
14000
14300
14700
15000
15400
15800
16000
16200
16500
16900
17400
17800
18000
18200
18700
19100
19600
20000
20500
21000
21500
22000
22100
22600
23200
23700
24000
24300
24900
25500
26100
26700
27000
27400
28000
28700
29400
30000
30100
30900
31600
32400
33000
33200
34000
34800
35700
36000
36500
37400
38300
39000
39200
40200
41200
42200
43000
43200
44200
45300
46400
47000
47500
48700
49900
51000
51100
52300
53600
54900
56000
56200
57600
59000
60400
61900
62000
63400
64900
66500
68000
68100
69800
71500
73200
75000
76800
78700
80600
82000
82500
84500
86600
88700
90900
91000
93100
95300
97600
100000
102000
105000
107000
110000
113000
115000
118000
120000
121000
124000
127000
130000
133000
137000
140000
143000
147000
150000
154000
158000
160000
162000
165000
169000
174000
178000
180000
182000
187000
191000
196000
200000
205000
210000
215000
220000
221000
226000
232000
237000
240000
243000
249000
255000
261000
267000
270000
274000
280000
287000
294000
300000
301000
309000
316000
324000
330000
332000
340000
348000
357000
360000
365000
374000
383000
390000
392000
402000
412000
422000
430000
432000
442000
453000
464000
470000
475000
487000
499000
510000
511000
523000
536000
549000
560000
562000
576000
590000
604000
619000
620000
634000
649000
665000
680000
681000
698000
715000
732000
750000
768000
787000
806000
820000
825000
845000
866000
887000
909000
910000
931000
953000
976000
1000000
1020000
1050000
1070000
1100000
1130000
1150000
1180000
1200000
1210000
1240000
1270000
1300000
1330000
1370000
1400000
1430000
1470000
1500000
1540000
1580000
1600000
1620000
1650000
1690000
1740000
1780000
1800000
1820000
1870000
1910000
1960000
2000000
2050000
2100000
2150000
2200000
2210000
2260000
2320000
2370000
2400000
2430000
2490000
2550000
2610000
2670000
2700000
2740000
2800000
2870000
2940000
3000000
3010000
3090000
3160000
3240000
3300000
3320000
3400000
3480000
3570000
3600000
3650000
3740000
3830000
3900000
3920000
4020000
4120000
4220000
4300000
4320000
4420000
4530000
4640000
4700000
4750000
4870000
4990000
5100000
5110000
5230000
5360000
5490000
5600000
5620000
5760000
5900000
6040000
6190000
6200000
6340000
6490000
6650000
6800000
6810000
6980000
7150000
7320000
7500000
7680000
7870000
8060000
8200000
8250000
8450000
8660000
8870000
9090000
9100000
9310000
9530000
9760000
10000000
